CreateObject(8147,1983.8000000,-2317.6001000,15.6000000,0.0000000,0.0000000,180.0000000); //object(vgsselecfence01) (4)
CreateObject(5131,1938.9004000,-2270.7002000,19.0000000,0.0000000,0.0000000,270.0000000); //object(imrancomp1_las2) (2)
CreateObject(8147,1901.7000000,-2317.6001000,15.6000000,0.0000000,0.0000000,179.9950000); //object(vgsselecfence01) (5)
CreateObject(987,1901.7000000,-2400.8999000,12.5000000,0.0000000,0.0000000,90.0000000); //object(elecfence_bar) (15)
CreateObject(987,1901.7000000,-2412.3000000,12.5000000,0.0000000,0.0000000,90.0000000); //object(elecfence_bar) (16)
CreateObject(987,1901.7000000,-2423.5000000,12.5000000,0.0000000,0.0000000,90.0000000); //object(elecfence_bar) (17)
CreateObject(987,1901.7000000,-2434.8000000,12.5000000,0.0000000,0.0000000,90.0000000); //object(elecfence_bar) (18)
CreateObject(987,1901.7000000,-2446.3000000,12.5000000,0.0000000,0.0000000,90.0000000); //object(elecfence_bar) (19)
CreateObject(987,1901.7000000,-2457.8000000,12.5000000,0.0000000,0.0000000,90.0000000); //object(elecfence_bar) (20)
CreateObject(987,1901.7000000,-2469.1001000,12.5000000,0.0000000,0.0000000,90.0000000); //object(elecfence_bar) (21)
CreateObject(987,1901.7000000,-2478.6001000,12.5000000,0.0000000,0.0000000,90.0000000); //object(elecfence_bar) (22)
CreateObject(987,1983.8000000,-2402.3000000,12.5000000,0.0000000,0.0000000,90.0000000); //object(elecfence_bar) (23)
CreateObject(987,1983.8000000,-2414.0000000,12.5000000,0.0000000,0.0000000,90.0000000); //object(elecfence_bar) (24)
CreateObject(987,1983.8000000,-2425.6001000,12.5000000,0.0000000,0.0000000,90.0000000); //object(elecfence_bar) (25)
CreateObject(987,1983.8000000,-2437.5000000,12.5000000,0.0000000,0.0000000,90.0000000); //object(elecfence_bar) (26)
CreateObject(987,1983.8000000,-2448.7000000,12.5000000,0.0000000,0.0000000,90.0000000); //object(elecfence_bar) (27)
CreateObject(987,1983.8000000,-2460.3999000,12.5000000,0.0000000,0.0000000,90.0000000); //object(elecfence_bar) (28)
CreateObject(987,1983.8000000,-2471.7000000,12.5000000,0.0000000,0.0000000,90.0000000); //object(elecfence_bar) (29)
CreateObject(987,1983.8000000,-2478.8999000,12.5000000,0.0000000,0.0000000,90.0000000); //object(elecfence_bar) (30)
CreateObject(987,1913.5000000,-2478.8000000,12.5000000,0.0000000,0.0000000,180.0000000); //object(elecfence_bar) (31)
CreateObject(987,1925.3000000,-2478.8000000,12.5000000,0.0000000,0.0000000,179.9950000); //object(elecfence_bar) (32)
CreateObject(987,1935.9000000,-2478.8000000,12.5000000,0.0000000,0.0000000,179.9950000); //object(elecfence_bar) (33)
CreateObject(987,1946.9000000,-2478.8000000,12.5000000,0.0000000,0.0000000,179.9950000); //object(elecfence_bar) (34)
CreateObject(987,1958.1000000,-2478.8000000,12.5000000,0.0000000,0.0000000,179.9950000); //object(elecfence_bar) (35)
CreateObject(987,1968.8000000,-2478.8000000,12.5000000,0.0000000,0.0000000,179.9950000); //object(elecfence_bar) (36)
CreateObject(987,1975.7000000,-2478.8000000,12.5000000,0.0000000,0.0000000,179.9950000); //object(elecfence_bar) (37)
CreateObject(987,1983.4000000,-2478.8000000,12.6000000,0.0000000,0.0000000,179.9950000); //object(elecfence_bar) (38)
CreateObject(5131,1946.5996000,-2451.7998000,19.0000000,0.0000000,0.0000000,88.0000000); //object(imrancomp1_las2) (3)
CreateObject(2932,1934.8000000,-2302.6001000,14.0000000,0.0000000,0.0000000,268.0000000); //object(kmb_container_blue) (1)
CreateObject(2932,1941.9000000,-2302.8000000,14.0000000,0.0000000,0.0000000,267.9950000); //object(kmb_container_blue) (2)
CreateObject(2932,1948.9000000,-2302.8999000,14.0000000,0.0000000,0.0000000,267.9950000); //object(kmb_container_blue) (3)
CreateObject(2932,1948.9000000,-2303.0000000,16.9000000,0.0000000,0.0000000,267.9950000); //object(kmb_container_blue) (4)
CreateObject(2932,1935.0000000,-2302.3000000,16.9000000,0.0000000,0.0000000,267.9950000); //object(kmb_container_blue) (5)
CreateObject(2932,1941.7000000,-2302.6001000,16.9000000,0.0000000,0.0000000,267.9950000); //object(kmb_container_blue) (6)
CreateObject(7096,1942.2000000,-2297.3999000,16.5000000,0.0000000,0.0000000,270.0000000); //object(vrockstairs) (1)
CreateObject(2932,1934.7000000,-2305.7000000,14.0000000,0.0000000,0.0000000,267.9950000); //object(kmb_container_blue) (7)
CreateObject(2932,1934.9000000,-2305.3999000,16.9000000,0.0000000,0.0000000,267.9950000); //object(kmb_container_blue) (8)
CreateObject(2932,1941.8000000,-2306.0000000,14.0000000,0.0000000,0.0000000,267.9950000); //object(kmb_container_blue) (9)
CreateObject(2932,1941.9000000,-2305.7000000,16.9000000,0.0000000,0.0000000,267.9950000); //object(kmb_container_blue) (10)
CreateObject(2932,1948.9000000,-2306.2000000,14.0000000,0.0000000,0.0000000,267.9950000); //object(kmb_container_blue) (11)
CreateObject(2932,1948.9004000,-2306.0000000,16.9000000,0.0000000,0.0000000,267.9950000); //object(kmb_container_blue) (12)
CreateObject(2934,1975.6000000,-2309.5000000,14.0000000,0.0000000,0.0000000,0.0000000); //object(kmb_container_red) (1)
CreateObject(2934,1972.5000000,-2309.5000000,14.0000000,0.0000000,0.0000000,0.0000000); //object(kmb_container_red) (2)
CreateObject(2934,1975.6000000,-2316.6001000,14.0000000,0.0000000,0.0000000,0.0000000); //object(kmb_container_red) (3)
CreateObject(2934,1972.5000000,-2316.3999000,14.0000000,0.0000000,0.0000000,0.0000000); //object(kmb_container_red) (4)
CreateObject(2934,1972.5000000,-2323.3999000,14.0000000,0.0000000,0.0000000,0.0000000); //object(kmb_container_red) (5)
CreateObject(2934,1975.6000000,-2323.7000000,14.0000000,0.0000000,0.0000000,0.0000000); //object(kmb_container_red) (6)
CreateObject(2934,1967.5000000,-2325.5000000,14.0000000,0.0000000,0.0000000,270.0000000); //object(kmb_container_red) (7)
CreateObject(2934,1967.4000000,-2322.8000000,14.0000000,0.0000000,0.0000000,270.0000000); //object(kmb_container_red) (8)
CreateObject(2934,1975.6000000,-2309.5000000,16.9000000,0.0000000,0.0000000,0.0000000); //object(kmb_container_red) (9)
CreateObject(2934,1972.6000000,-2309.5000000,16.9000000,0.0000000,0.0000000,0.0000000); //object(kmb_container_red) (10)
CreateObject(2934,1972.6000000,-2316.6001000,16.9000000,0.0000000,0.0000000,0.0000000); //object(kmb_container_red) (11)
CreateObject(2934,1975.6000000,-2316.6001000,16.9000000,0.0000000,0.0000000,0.0000000); //object(kmb_container_red) (12)
CreateObject(2934,1975.6000000,-2323.8000000,16.9000000,0.0000000,0.0000000,0.0000000); //object(kmb_container_red) (13)
CreateObject(2934,1972.5000000,-2323.7000000,16.9000000,0.0000000,0.0000000,0.0000000); //object(kmb_container_red) (14)
CreateObject(2934,1967.5000000,-2325.5000000,16.9000000,0.0000000,0.0000000,270.0000000); //object(kmb_container_red) (15)
CreateObject(2934,1967.5000000,-2322.3999000,16.9000000,0.0000000,0.0000000,270.0000000); //object(kmb_container_red) (16)
CreateObject(12913,1920.1000000,-2312.0000000,15.2000000,0.0000000,0.0000000,0.0000000); //object(sw_fueldrum03) (1)
CreateObject(944,1933.6000000,-2327.6001000,13.4000000,0.0000000,0.0000000,0.0000000); //object(packing_carates04) (5)
CreateObject(944,1933.6000000,-2327.6001000,14.8000000,0.0000000,0.0000000,0.0000000); //object(packing_carates04) (6)
CreateObject(2973,1931.0000000,-2328.2000000,12.5000000,0.0000000,0.0000000,0.0000000); //object(k_cargo2) (1)
CreateObject(2935,1933.0000000,-2331.2000000,14.0000000,0.0000000,0.0000000,270.0000000); //object(kmb_container_yel) (1)
CreateObject(2935,1940.1000000,-2331.2000000,14.0000000,0.0000000,0.0000000,270.0000000); //object(kmb_container_yel) (2)
CreateObject(2935,1940.1000000,-2334.2000000,14.0000000,0.0000000,0.0000000,270.0000000); //object(kmb_container_yel) (3)
CreateObject(2935,1933.0000000,-2334.2000000,14.0000000,0.0000000,0.0000000,270.0000000); //object(kmb_container_yel) (4)
CreateObject(2935,1926.0000000,-2334.2000000,14.0000000,0.0000000,0.0000000,270.0000000); //object(kmb_container_yel) (5)
CreateObject(2935,1925.9000000,-2331.2000000,14.0000000,0.0000000,0.0000000,270.0000000); //object(kmb_container_yel) (6)
CreateObject(2935,1940.1000000,-2331.2000000,16.9000000,0.0000000,0.0000000,270.0000000); //object(kmb_container_yel) (8)
CreateObject(2935,1940.1000000,-2334.2000000,16.9000000,0.0000000,0.0000000,270.0000000); //object(kmb_container_yel) (9)
CreateObject(2935,1933.0000000,-2334.2000000,16.9000000,0.0000000,0.0000000,270.0000000); //object(kmb_container_yel) (10)
CreateObject(2935,1933.1000000,-2331.2000000,16.9000000,0.0000000,0.0000000,270.0000000); //object(kmb_container_yel) (11)
CreateObject(2935,1926.0000000,-2331.2000000,16.9000000,0.0000000,0.0000000,270.0000000); //object(kmb_container_yel) (12)
CreateObject(2935,1925.9000000,-2334.2000000,16.9000000,0.0000000,0.0000000,270.0000000); //object(kmb_container_yel) (13)
CreateObject(8613,1936.4000000,-2325.7000000,14.9000000,0.0000000,0.0000000,180.0000000); //object(vgssstairs03_lvs) (1)
CreateObject(3066,1948.4000000,-2351.8000000,13.6000000,0.0000000,0.0000000,270.0000000); //object(ammotrn_obj) (1)
CreateObject(2991,1946.4000000,-2349.5000000,13.2000000,0.0000000,0.0000000,0.0000000); //object(imy_bbox) (2)
CreateObject(2975,1904.5000000,-2332.5000000,12.5000000,0.0000000,0.0000000,0.0000000); //object(k_cargo3) (1)
CreateObject(2973,1920.8000000,-2301.8000000,12.5000000,0.0000000,0.0000000,0.0000000); //object(k_cargo2) (2)
CreateObject(3571,1962.8000000,-2352.7000000,13.9000000,0.0000000,0.0000000,52.0000000); //object(lasdkrt3) (1)
CreateObject(3571,1962.8000000,-2352.7000000,16.6000000,0.0000000,0.0000000,51.9980000); //object(lasdkrt3) (2)
CreateObject(3571,1961.7000000,-2358.6001000,13.9000000,0.0000000,0.0000000,141.9980000); //object(lasdkrt3) (3)
CreateObject(3571,1961.8000000,-2358.5000000,16.6000000,0.0000000,0.0000000,141.9980000); //object(lasdkrt3) (4)
CreateObject(3571,1968.0000000,-2363.6001000,13.9000000,0.0000000,0.0000000,141.9980000); //object(lasdkrt3) (5)
CreateObject(3571,1968.0000000,-2363.3999000,16.6000000,0.0000000,0.0000000,141.9980000); //object(lasdkrt3) (6)
CreateObject(3571,1974.2000000,-2368.5000000,13.9000000,0.0000000,0.0000000,141.9980000); //object(lasdkrt3) (7)
CreateObject(3571,1974.3000000,-2368.3999000,16.6000000,0.0000000,0.0000000,141.9980000); //object(lasdkrt3) (8)
CreateObject(3566,1930.1000000,-2349.2000000,15.2000000,0.0000000,0.0000000,270.0000000); //object(lasntrk1) (1)
CreateObject(3585,1927.0000000,-2288.5000000,14.2000000,0.0000000,0.0000000,0.0000000); //object(lastran1_la02) (1)
CreateObject(3585,1956.4000000,-2432.2000000,14.2000000,0.0000000,0.0000000,0.0000000); //object(lastran1_la02) (2)
CreateObject(2975,1933.9000000,-2360.8000000,12.5000000,0.0000000,0.0000000,0.0000000); //object(k_cargo3) (2)
CreateObject(2975,1932.5000000,-2360.8000000,12.5000000,0.0000000,0.0000000,0.0000000); //object(k_cargo3) (3)
CreateObject(2975,1931.1000000,-2360.8000000,12.5000000,0.0000000,0.0000000,0.0000000); //object(k_cargo3) (4)
CreateObject(2975,1929.6000000,-2360.8000000,12.5000000,0.0000000,0.0000000,0.0000000); //object(k_cargo3) (5)
CreateObject(2975,1928.1000000,-2360.8000000,12.5000000,0.0000000,0.0000000,0.0000000); //object(k_cargo3) (6)
CreateObject(2975,1928.0000000,-2359.7000000,12.5000000,0.0000000,0.0000000,0.0000000); //object(k_cargo3) (7)
CreateObject(2975,1929.3000000,-2359.7000000,12.5000000,0.0000000,0.0000000,0.0000000); //object(k_cargo3) (8)
CreateObject(2975,1930.6000000,-2359.7000000,12.5000000,0.0000000,0.0000000,0.0000000); //object(k_cargo3) (9)
CreateObject(2975,1931.9000000,-2359.7000000,12.5000000,0.0000000,0.0000000,0.0000000); //object(k_cargo3) (10)
CreateObject(2975,1933.3000000,-2359.7000000,12.5000000,0.0000000,0.0000000,0.0000000); //object(k_cargo3) (11)
CreateObject(2975,1934.8000000,-2359.7000000,12.5000000,0.0000000,0.0000000,0.0000000); //object(k_cargo3) (12)
CreateObject(2975,1934.8000000,-2359.7000000,14.1000000,0.0000000,0.0000000,0.0000000); //object(k_cargo3) (13)
CreateObject(2975,1933.9000000,-2360.8000000,14.1000000,0.0000000,0.0000000,0.0000000); //object(k_cargo3) (14)
CreateObject(2975,1933.3000000,-2359.7000000,14.1000000,0.0000000,0.0000000,0.0000000); //object(k_cargo3) (15)
CreateObject(2975,1931.9000000,-2359.7000000,14.1000000,0.0000000,0.0000000,0.0000000); //object(k_cargo3) (16)
CreateObject(2975,1930.5000000,-2359.7000000,14.1000000,0.0000000,0.0000000,0.0000000); //object(k_cargo3) (17)
CreateObject(2975,1929.0000000,-2359.7000000,14.1000000,0.0000000,0.0000000,0.0000000); //object(k_cargo3) (18)
CreateObject(2975,1928.0000000,-2359.7000000,14.1000000,0.0000000,0.0000000,0.0000000); //object(k_cargo3) (19)
CreateObject(2975,1928.1000000,-2360.8000000,14.1000000,0.0000000,0.0000000,0.0000000); //object(k_cargo3) (20)
CreateObject(2975,1929.6000000,-2360.8000000,14.1000000,0.0000000,0.0000000,0.0000000); //object(k_cargo3) (21)
CreateObject(2975,1931.1000000,-2360.8000000,14.1000000,0.0000000,0.0000000,0.0000000); //object(k_cargo3) (22)
CreateObject(2975,1932.6000000,-2360.8000000,14.1000000,0.0000000,0.0000000,0.0000000); //object(k_cargo3) (23)
CreateObject(2932,1929.7998000,-2371.5000000,14.0000000,0.0000000,0.0000000,270.0000000); //object(kmb_container_blue) (13)
CreateObject(2932,1929.8000000,-2371.3999000,16.9000000,0.0000000,0.0000000,270.0000000); //object(kmb_container_blue) (14)
CreateObject(2932,1924.1000000,-2371.5000000,19.7000000,0.0000000,0.0000000,270.0000000); //object(kmb_container_blue) (15)
CreateObject(2932,1918.1000000,-2371.5000000,19.7000000,0.0000000,0.0000000,270.0000000); //object(kmb_container_blue) (16)
CreateObject(2932,1912.8000000,-2371.5000000,14.0000000,0.0000000,0.0000000,270.0000000); //object(kmb_container_blue) (17)
CreateObject(2932,1912.8000000,-2371.3999000,16.9000000,0.0000000,0.0000000,270.0000000); //object(kmb_container_blue) (18)
CreateObject(2932,1929.8000000,-2374.6001000,14.0000000,0.0000000,0.0000000,270.0000000); //object(kmb_container_blue) (19)
CreateObject(2932,1929.8000000,-2374.5000000,16.9000000,0.0000000,0.0000000,270.0000000); //object(kmb_container_blue) (20)
CreateObject(2932,1924.1000000,-2374.5000000,19.7000000,0.0000000,0.0000000,270.0000000); //object(kmb_container_blue) (21)
CreateObject(2932,1918.0000000,-2374.5000000,19.7000000,0.0000000,0.0000000,270.0000000); //object(kmb_container_blue) (22)
CreateObject(2932,1912.8000000,-2374.6001000,14.0000000,0.0000000,0.0000000,270.0000000); //object(kmb_container_blue) (23)
CreateObject(2932,1912.8000000,-2374.5000000,16.9000000,0.0000000,0.0000000,270.0000000); //object(kmb_container_blue) (24)
CreateObject(2932,1929.8000000,-2377.8000000,14.0000000,0.0000000,0.0000000,270.0000000); //object(kmb_container_blue) (25)
CreateObject(2932,1929.8000000,-2377.7000000,16.9000000,0.0000000,0.0000000,270.0000000); //object(kmb_container_blue) (26)
CreateObject(2932,1924.2000000,-2377.6001000,19.7000000,0.0000000,0.0000000,270.0000000); //object(kmb_container_blue) (27)
CreateObject(2932,1918.0000000,-2377.6001000,19.7000000,0.0000000,0.0000000,270.0000000); //object(kmb_container_blue) (28)
CreateObject(2932,1912.8000000,-2377.6001000,14.0000000,0.0000000,0.0000000,270.0000000); //object(kmb_container_blue) (29)
CreateObject(2932,1912.8000000,-2377.5000000,16.9000000,0.0000000,0.0000000,270.0000000); //object(kmb_container_blue) (30)
CreateObject(2932,1946.4000000,-2420.3999000,14.0000000,0.0000000,0.0000000,267.9950000); //object(kmb_container_blue) (31)
CreateObject(2932,1939.4000000,-2420.2000000,14.0000000,0.0000000,0.0000000,267.9950000); //object(kmb_container_blue) (32)
CreateObject(2932,1932.4000000,-2420.0000000,14.0000000,0.0000000,0.0000000,267.9950000); //object(kmb_container_blue) (33)
CreateObject(2932,1932.4000000,-2419.8999000,16.9000000,0.0000000,0.0000000,267.9950000); //object(kmb_container_blue) (34)
CreateObject(2932,1939.5000000,-2420.2000000,16.9000000,0.0000000,0.0000000,267.9950000); //object(kmb_container_blue) (35)
CreateObject(2932,1946.4000000,-2420.3999000,16.9000000,0.0000000,0.0000000,267.9950000); //object(kmb_container_blue) (36)
CreateObject(7096,1937.9000000,-2425.3000000,16.5000000,0.0000000,0.0000000,88.0000000); //object(vrockstairs) (2)
CreateObject(2932,1946.6000000,-2417.3999000,14.0000000,0.0000000,0.0000000,267.9950000); //object(kmb_container_blue) (37)
CreateObject(2932,1946.5000000,-2417.3999000,16.9000000,0.0000000,0.0000000,267.9950000); //object(kmb_container_blue) (38)
CreateObject(2932,1939.5000000,-2417.1001000,14.0000000,0.0000000,0.0000000,267.9950000); //object(kmb_container_blue) (39)
CreateObject(2932,1939.5000000,-2417.2000000,16.9000000,0.0000000,0.0000000,267.9950000); //object(kmb_container_blue) (40)
CreateObject(2932,1932.3000000,-2417.0000000,14.0000000,0.0000000,0.0000000,267.9950000); //object(kmb_container_blue) (41)
CreateObject(2932,1932.5000000,-2417.1001000,16.9000000,0.0000000,0.0000000,267.9950000); //object(kmb_container_blue) (42)
CreateObject(2935,1961.8000000,-2394.3000000,14.0000000,0.0000000,0.0000000,270.0000000); //object(kmb_container_yel) (14)
CreateObject(2935,1954.8000000,-2394.3000000,14.0000000,0.0000000,0.0000000,270.0000000); //object(kmb_container_yel) (15)
CreateObject(2935,1947.8000000,-2394.3000000,14.0000000,0.0000000,0.0000000,270.0000000); //object(kmb_container_yel) (16)
CreateObject(2935,1961.8000000,-2391.3000000,16.9000000,0.0000000,0.0000000,270.0000000); //object(kmb_container_yel) (17)
CreateObject(2935,1954.7000000,-2391.3000000,16.9000000,0.0000000,0.0000000,270.0000000); //object(kmb_container_yel) (18)
CreateObject(2935,1947.8000000,-2391.3000000,16.9000000,0.0000000,0.0000000,270.0000000); //object(kmb_container_yel) (19)
CreateObject(2935,1961.9000000,-2391.3000000,14.0000000,0.0000000,0.0000000,270.0000000); //object(kmb_container_yel) (20)
CreateObject(2935,1961.8000000,-2394.3000000,16.9000000,0.0000000,0.0000000,270.0000000); //object(kmb_container_yel) (21)
CreateObject(2935,1954.8000000,-2391.3000000,14.0000000,0.0000000,0.0000000,270.0000000); //object(kmb_container_yel) (22)
CreateObject(2935,1954.7000000,-2394.3000000,16.9000000,0.0000000,0.0000000,270.0000000); //object(kmb_container_yel) (23)
CreateObject(2935,1947.9000000,-2391.3000000,14.0000000,0.0000000,0.0000000,270.0000000); //object(kmb_container_yel) (24)
CreateObject(2935,1947.6000000,-2394.3000000,16.9000000,0.0000000,0.0000000,270.0000000); //object(kmb_container_yel) (25)
CreateObject(944,1953.6000000,-2397.7000000,14.8000000,0.0000000,0.0000000,0.0000000); //object(packing_carates04) (7)
CreateObject(944,1953.7000000,-2397.7000000,13.4000000,0.0000000,0.0000000,0.0000000); //object(packing_carates04) (8)
CreateObject(2973,1956.3000000,-2397.1001000,12.5000000,0.0000000,0.0000000,0.0000000); //object(k_cargo2) (3)
CreateObject(8613,1951.6000000,-2400.1001000,15.0000000,0.0000000,0.0000000,1.9950000); //object(vgssstairs03_lvs) (2)
CreateObject(3066,1948.5000000,-2353.8000000,13.6000000,0.0000000,0.0000000,270.0000000); //object(ammotrn_obj) (2)
CreateObject(3066,1948.4004000,-2352.7002000,15.6000000,0.0000000,0.0000000,270.0000000); //object(ammotrn_obj) (3)
CreateObject(2934,1910.7000000,-2414.6001000,14.0000000,0.0000000,0.0000000,0.0000000); //object(kmb_container_red) (17)
CreateObject(2934,1910.7000000,-2414.6001000,16.9000000,0.0000000,0.0000000,0.0000000); //object(kmb_container_red) (18)
CreateObject(2934,1910.7000000,-2407.6001000,14.0000000,0.0000000,0.0000000,0.0000000); //object(kmb_container_red) (19)
CreateObject(2934,1910.7000000,-2407.6001000,16.9000000,0.0000000,0.0000000,0.0000000); //object(kmb_container_red) (20)
CreateObject(2934,1913.8000000,-2414.6001000,14.0000000,0.0000000,0.0000000,0.0000000); //object(kmb_container_red) (21)
CreateObject(2934,1913.7000000,-2414.6001000,16.9000000,0.0000000,0.0000000,0.0000000); //object(kmb_container_red) (22)
CreateObject(2934,1913.8000000,-2407.3999000,14.0000000,0.0000000,0.0000000,0.0000000); //object(kmb_container_red) (23)
CreateObject(2934,1913.7000000,-2407.5000000,16.9000000,0.0000000,0.0000000,0.0000000); //object(kmb_container_red) (24)
CreateObject(2934,1910.7000000,-2400.5000000,14.0000000,0.0000000,0.0000000,0.0000000); //object(kmb_container_red) (29)
CreateObject(2934,1913.8000000,-2400.5000000,14.0000000,0.0000000,0.0000000,0.0000000); //object(kmb_container_red) (25)
CreateObject(2934,1913.7000000,-2400.6001000,16.9000000,0.0000000,0.0000000,0.0000000); //object(kmb_container_red) (26)
CreateObject(2934,1910.6000000,-2400.6001000,16.9000000,0.0000000,0.0000000,0.0000000); //object(kmb_container_red) (27)
CreateObject(2934,1918.9000000,-2398.5000000,14.0000000,0.0000000,0.0000000,270.0000000); //object(kmb_container_red) (28)
CreateObject(2934,1918.9004000,-2401.5000000,14.0000000,0.0000000,0.0000000,270.0000000); //object(kmb_container_red) (30)
CreateObject(2934,1919.0000000,-2398.8000000,16.9000000,0.0000000,0.0000000,270.0000000); //object(kmb_container_red) (31)
CreateObject(2934,1919.0000000,-2401.6001000,16.9000000,0.0000000,0.0000000,270.0000000); //object(kmb_container_red) (32)
CreateObject(3566,1955.5000000,-2379.0000000,15.2000000,0.0000000,0.0000000,90.0000000); //object(lasntrk1) (2)
CreateObject(2975,1927.4000000,-2388.5000000,12.5000000,0.0000000,0.0000000,0.0000000); //object(k_cargo3) (30)
CreateObject(2975,1928.9000000,-2388.5000000,12.5000000,0.0000000,0.0000000,0.0000000); //object(k_cargo3) (24)
CreateObject(2975,1930.3000000,-2388.5000000,12.5000000,0.0000000,0.0000000,0.0000000); //object(k_cargo3) (25)
CreateObject(2975,1931.7000000,-2388.5000000,12.5000000,0.0000000,0.0000000,0.0000000); //object(k_cargo3) (26)
CreateObject(2975,1933.2000000,-2388.5000000,12.5000000,0.0000000,0.0000000,0.0000000); //object(k_cargo3) (27)
CreateObject(2975,1934.6000000,-2388.5000000,12.5000000,0.0000000,0.0000000,0.0000000); //object(k_cargo3) (28)
CreateObject(2975,1926.5000000,-2387.3999000,12.5000000,0.0000000,0.0000000,0.0000000); //object(k_cargo3) (29)
CreateObject(2975,1928.0000000,-2387.3000000,12.5000000,0.0000000,0.0000000,0.0000000); //object(k_cargo3) (31)
CreateObject(2975,1929.2000000,-2387.3000000,12.5000000,0.0000000,0.0000000,0.0000000); //object(k_cargo3) (32)
CreateObject(2975,1930.5000000,-2387.3000000,12.5000000,0.0000000,0.0000000,0.0000000); //object(k_cargo3) (33)
CreateObject(2975,1932.0000000,-2387.3000000,12.5000000,0.0000000,0.0000000,0.0000000); //object(k_cargo3) (34)
CreateObject(2975,1933.4000000,-2387.2000000,12.5000000,0.0000000,0.0000000,0.0000000); //object(k_cargo3) (35)
CreateObject(2975,1934.7000000,-2387.2000000,12.5000000,0.0000000,0.0000000,0.0000000); //object(k_cargo3) (36)
CreateObject(2975,1934.7000000,-2388.5000000,14.1000000,0.0000000,0.0000000,0.0000000); //object(k_cargo3) (37)
CreateObject(2975,1933.3000000,-2388.5000000,14.1000000,0.0000000,0.0000000,0.0000000); //object(k_cargo3) (38)
CreateObject(2975,1931.8000000,-2388.5000000,14.1000000,0.0000000,0.0000000,0.0000000); //object(k_cargo3) (39)
CreateObject(2975,1930.4000000,-2388.5000000,14.1000000,0.0000000,0.0000000,0.0000000); //object(k_cargo3) (40)
CreateObject(2975,1929.0000000,-2388.5000000,14.1000000,0.0000000,0.0000000,0.0000000); //object(k_cargo3) (41)
CreateObject(2975,1927.5000000,-2388.5000000,14.1000000,0.0000000,0.0000000,0.0000000); //object(k_cargo3) (42)
CreateObject(2975,1926.5000000,-2387.3999000,14.1000000,0.0000000,0.0000000,0.0000000); //object(k_cargo3) (43)
CreateObject(2975,1928.0000000,-2387.3000000,14.1000000,0.0000000,0.0000000,0.0000000); //object(k_cargo3) (44)
CreateObject(2975,1929.5000000,-2387.3000000,14.1000000,0.0000000,0.0000000,0.0000000); //object(k_cargo3) (45)
CreateObject(2975,1931.0000000,-2387.3000000,14.1000000,0.0000000,0.0000000,0.0000000); //object(k_cargo3) (46)
CreateObject(2975,1932.4000000,-2387.3000000,14.1000000,0.0000000,0.0000000,0.0000000); //object(k_cargo3) (47)
CreateObject(2975,1933.9000000,-2387.3000000,14.1000000,0.0000000,0.0000000,0.0000000); //object(k_cargo3) (48)
CreateObject(2991,1946.3000000,-2356.1001000,13.2000000,0.0000000,0.0000000,0.0000000); //object(imy_bbox) (4)
CreateObject(3505,1973.8000000,-2301.6001000,12.5000000,0.0000000,0.0000000,0.0000000); //object(vgsn_nitree_y01) (1)
CreateObject(3505,1912.4000000,-2422.3999000,12.5000000,0.0000000,0.0000000,0.0000000); //object(vgsn_nitree_y01) (2)
CreateObject(3512,1907.5000000,-2349.5000000,12.5000000,0.0000000,0.0000000,0.0000000); //object(vgsn_nitree_b02) (1)
CreateObject(3512,1977.8000000,-2387.8000000,12.5000000,0.0000000,0.0000000,0.0000000); //object(vgsn_nitree_b02) (2)
CreateObject(9833,1946.2000000,-2368.8000000,15.7000000,0.0000000,0.0000000,0.0000000); //object(fountain_sfw) (1)
CreateObject(14608,1960.0000000,-2278.5000000,14.8000000,0.0000000,0.0000000,136.0000000); //object(triad_buddha01) (1)
CreateObject(14608,1926.5000000,-2443.3000000,14.8000000,0.0000000,0.0000000,314.0000000); //object(triad_buddha01) (2)
CreateObject(3472,1907.4000000,-2439.7000000,12.5000000,0.0000000,0.0000000,0.0000000); //object(circuslampost03) (1)
CreateObject(3472,1923.4000000,-2439.3999000,12.5000000,0.0000000,0.0000000,0.0000000); //object(circuslampost03) (2)
CreateObject(3472,1960.9000000,-2283.6001000,12.5000000,0.0000000,0.0000000,0.0000000); //object(circuslampost03) (3)
CreateObject(3472,1977.0000000,-2282.3999000,12.5000000,0.0000000,0.0000000,0.0000000); //object(circuslampost03) (4)
CreateObject(3472,1925.3000000,-2328.3000000,12.5000000,0.0000000,0.0000000,0.0000000); //object(circuslampost03) (5)
CreateObject(3472,1960.4000000,-2397.3000000,12.5000000,0.0000000,0.0000000,0.0000000); //object(circuslampost03) (6)
CreateObject(3472,1932.5000000,-2299.0000000,12.5000000,0.0000000,0.0000000,0.0000000); //object(circuslampost03) (7)
CreateObject(3472,1948.3000000,-2423.5000000,12.5000000,0.0000000,0.0000000,0.0000000); //object(circuslampost03) (8)
CreateObject(3524,1927.8000000,-2367.8000000,15.4000000,0.0000000,0.0000000,180.0000000); //object(skullpillar01_lvs) (1)
CreateObject(3524,1932.5000000,-2368.1001000,15.4000000,0.0000000,0.0000000,179.9950000); //object(skullpillar01_lvs) (2)
CreateObject(3524,1916.1000000,-2367.8000000,15.4000000,0.0000000,0.0000000,179.9950000); //object(skullpillar01_lvs) (3)
CreateObject(3524,1910.1000000,-2367.6001000,15.4000000,0.0000000,0.0000000,179.9950000); //object(skullpillar01_lvs) (4)
CreateObject(3524,1915.2000000,-2381.7000000,15.4000000,0.0000000,0.0000000,0.0000000); //object(skullpillar01_lvs) (5)
CreateObject(3524,1909.7000000,-2381.5000000,15.4000000,0.0000000,0.0000000,0.0000000); //object(skullpillar01_lvs) (6)
CreateObject(3524,1926.6000000,-2381.5000000,15.4000000,0.0000000,0.0000000,0.0000000); //object(skullpillar01_lvs) (7)
CreateObject(3524,1932.9000000,-2381.3000000,15.4000000,0.0000000,0.0000000,0.0000000); //object(skullpillar01_lvs) (8)
CreateObject(3534,1950.4000000,-2349.2000000,13.8000000,0.0000000,0.0000000,0.0000000); //object(trdlamp01) (1)
CreateObject(3534,1950.6000000,-2356.2000000,13.8000000,0.0000000,0.0000000,0.0000000); //object(trdlamp01) (2)
CreateObject(3534,1931.9000000,-2444.8000000,13.8000000,0.0000000,0.0000000,0.0000000); //object(trdlamp01) (3)
CreateObject(3534,1932.1000000,-2437.8000000,13.8000000,0.0000000,0.0000000,0.0000000); //object(trdlamp01) (4)
CreateObject(3534,1953.4000000,-2278.3999000,13.8000000,0.0000000,0.0000000,0.0000000); //object(trdlamp01) (5)
CreateObject(3534,1953.4000000,-2283.5000000,13.8000000,0.0000000,0.0000000,0.0000000); //object(trdlamp01) (6)
CreateObject(3877,1963.6000000,-2356.3000000,14.2000000,0.0000000,0.0000000,0.0000000); //object(sf_rooflite) (1)
CreateObject(3877,1970.0000000,-2319.6001000,14.2000000,0.0000000,0.0000000,0.0000000); //object(sf_rooflite) (2)
CreateObject(3877,1916.3000000,-2404.3000000,14.2000000,0.0000000,0.0000000,0.0000000); //object(sf_rooflite) (3)
CreateObject(6865,1960.6000000,-2359.3999000,16.4000000,0.0000000,0.0000000,0.0000000); //object(steerskull) (1)
CreateObject(6865,1961.1000000,-2352.8000000,16.4000000,0.0000000,0.0000000,280.0000000); //object(steerskull) (2)
CreateObject(3092,1920.0000000,-2446.8999000,13.6000000,0.0000000,0.0000000,180.0000000); //object(dead_tied_cop) (1)
CreateObject(3092,1921.1000000,-2446.8999000,13.6000000,0.0000000,0.0000000,179.9950000); //object(dead_tied_cop) (2)
CreateObject(3092,1966.2000000,-2275.6001000,13.6000000,0.0000000,0.0000000,0.0000000); //object(dead_tied_cop) (3)
CreateObject(3092,1964.5000000,-2275.6001000,13.6000000,0.0000000,0.0000000,0.0000000); //object(dead_tied_cop) (4)
CreateObject(952,1940.8000000,-2470.0000000,14.0000000,0.0000000,0.0000000,0.0000000); //object(generator_big_d) (1)
CreateObject(926,1937.1000000,-2465.2000000,12.9000000,0.0000000,0.0000000,0.0000000); //object(rubbish_box2) (1)
CreateObject(924,1934.7000000,-2472.1001000,12.8000000,0.0000000,0.0000000,0.0000000); //object(fruitcrate3) (1)
CreateObject(3035,1930.9000000,-2465.3000000,13.4000000,0.0000000,0.0000000,0.0000000); //object(tmp_bin) (1)
CreateObject(2971,1943.6000000,-2460.5000000,12.6000000,0.0000000,0.0000000,0.0000000); //object(k_smashboxes) (1)
CreateObject(2968,1929.9000000,-2471.7000000,12.9000000,0.0000000,0.0000000,0.0000000); //object(cm_box) (1)
CreateObject(2900,1937.9000000,-2450.2000000,12.6000000,0.0000000,0.0000000,0.0000000); //object(temp_cardbox) (1)
CreateObject(2890,1944.1000000,-2453.0000000,12.7000000,0.0000000,0.0000000,0.0000000); //object(kmb_skip) (1)
CreateObject(2907,1932.1000000,-2417.8999000,18.5000000,0.0000000,0.0000000,0.0000000); //object(kmb_deadtorso) (1)
CreateObject(2907,1934.2000000,-2305.3999000,18.5000000,0.0000000,0.0000000,0.0000000); //object(kmb_deadtorso) (2)
CreateObject(2744,1924.8000000,-2333.1001000,20.4000000,0.0000000,0.0000000,0.0000000); //object(cj_stat_2) (1)
CreateObject(2744,1962.4000000,-2392.1001000,20.4000000,0.0000000,0.0000000,180.0000000); //object(cj_stat_2) (2)
CreateObject(1227,1951.5000000,-2256.2000000,13.5000000,0.0000000,0.0000000,0.0000000); //object(dump1) (1)
CreateObject(1336,1955.5000000,-2259.3999000,13.7000000,0.0000000,0.0000000,0.0000000); //object(binnt06_la) (1)
CreateObject(13591,1944.1000000,-2262.3000000,13.0000000,0.0000000,0.0000000,0.0000000); //object(kickcar28) (1)
CreateObject(3374,1944.1000000,-2270.3000000,14.1000000,0.0000000,0.0000000,0.0000000); //object(sw_haybreak02) (1)
CreateObject(2985,1952.4000000,-2261.3999000,12.6000000,0.0000000,0.0000000,0.0000000); //object(minigun_base) (1)
CreateObject(3574,1962.6000000,-2251.5000000,15.3000000,0.0000000,0.0000000,0.0000000); //object(lasdkrtgrp2) (1)
CreateObject(3576,1924.8000000,-2471.1001000,14.1000000,0.0000000,0.0000000,0.0000000); //object(dockcrates2_la) (1)
CreateObject(3761,1914.2000000,-2469.7000000,14.6000000,0.0000000,0.0000000,0.0000000); //object(industshelves) (1)
CreateObject(3630,1921.8000000,-2465.8999000,14.1000000,0.0000000,0.0000000,2.0000000); //object(crdboxes2_las) (1)
CreateObject(2934,1960.4883000,-2325.5063000,13.9573000,0.0000000,0.0000000,270.0000000); //object(kmb_container_red) (33)
CreateObject(2934,1960.5000000,-2325.5000000,16.9000000,0.0000000,0.0000000,270.0000000); //object(kmb_container_red) (34)
CreateObject(2934,1960.4620000,-2322.7686000,13.9571400,0.0000000,0.0000000,270.0000000); //object(kmb_container_red) (35)
CreateObject(2934,1960.6000000,-2322.5000000,16.9000000,0.0000000,0.0000000,270.0000000); //object(kmb_container_red) (36)
CreateObject(3066,1948.1000000,-2353.0000000,17.6000000,0.0000000,0.0000000,270.0000000); //object(ammotrn_obj) (4)
CreateObject(2934,1925.8000000,-2401.5000000,14.0000000,0.0000000,0.0000000,270.0000000); //object(kmb_container_red) (37)
CreateObject(2934,1925.8000000,-2398.5000000,14.0000000,0.0000000,0.0000000,270.0000000); //object(kmb_container_red) (38)
CreateObject(2934,1926.0000000,-2401.6001000,16.9000000,0.0000000,0.0000000,270.0000000); //object(kmb_container_red) (39)
CreateObject(2934,1925.9000000,-2398.6001000,16.9000000,0.0000000,0.0000000,270.0000000); //object(kmb_container_red) (40)

/*
Objects converted: 271
Vehicles converted: 0
Vehicle models found: 0
----------------------
